function [y0,y1] = create_mv_test_matrix();
% function [y0,y1] = create_mv_test_matrix()
%    This function creates the blocks Y_0 and Y_1 from
%    experiment 5 "Motion estimation".

% S.Spors / 17.2.2005
% $Id: create_mv_test_matrix.m,v 1.2 2005/02/17 16:08:30 spors Exp $


% Block Y0
y0= [ 99 , 106 , 136 , 142 , 131 , 120 , 124 , 126 ;
107 , 118 , 126 , 129 , 131 , 132 , 135 , 128 ;
117 , 136 , 132 , 122 , 119 , 125 , 132 , 134 ;
122 , 133 , 136 , 132 , 125 , 125 , 121 , 117 ;
133 , 125 , 124 , 125 , 131 , 130 , 118 , 89 ;
138 , 134 , 113 , 88 , 69 , 63 , 91 , 130 ;
69 , 76 , 93 , 115 , 125 , 132 , 188 , 248 ;
97 , 113 , 169 , 228 , 255 , 255 , 230 , 208 ];

% Block Y1
y1= [ 111 , 138 , 139 , 129 , 121 , 122 , 127 , 130 ;
122 , 127 , 129 , 134 , 135 , 134 , 127 , 120 ;
135 , 130 , 124 , 122 , 128 , 135 , 136 , 130 ;
134 , 136 , 133 , 123 , 123 , 123 , 119 , 115 ;
124 , 125 , 128 , 130 , 130 , 113 , 76 , 45 ;
127 , 105 , 78 , 66 , 72 , 108 , 139 , 138 ;
84 , 104 , 123 , 125 , 145 , 215 , 255 , 254 ;
132 , 201 , 247 , 255 , 251 , 217 , 206 , 211 ];